1  1  0.814821    
1  2  -3.750000    
2  1  -4.058567    
2  2  -3.750000    
3  1  -10.111190    
3  2  -3.750000    
4  1  -15.950858    
4  2  -3.750000    
5  1  -22.432581    
5  2  -3.750000    
6  1  -27.793295    
6  2  -3.750000    
7  1  -37.475268    
7  2  -3.750000    
8  1  -44.731872    
8  2  -3.750000    
9  1  -51.360104    
9  2  -3.750000    
10  1  -57.298367    
10  2  -3.750000    
11  1  -63.811130    
11  2  -3.750000    
12  1  -70.495417    
12  2  -3.750000    
13  1  4.631504    
13  2  0.000000    
14  1  -2.534861    
14  2  0.000000    
15  1  -10.269796    
15  2  0.000000    
16  1  0.024042    
16  2  3.750000    
17  1  -7.603602    
17  2  3.750000    
18  1  -16.179914    
18  2  3.750000    
19  1  -24.154830    
19  2  3.750000    
20  1  -31.485403    
20  2  3.750000    
